77 14 17 5 74 1 47 27 19 89 76
12 43 58 49 26 75 32 45 55 52 30
67 76 7 40 7 51 68 27 45 23 58
44 16 6 24 46 66 3 64 31 0 81
58 37 81 86 22 47 0 22 2 47 33
52 75 38 29 53 73 17 13 12 6 47
6 86 65 5 87 68 45 21 64 78 7
49 63 13 18 60 33 43 77 16 33 56
50 7 25 89 26 46 47 66 59 16 34
85 81 42 45 26 19 21 34 83 32 76
13 86 67 0 8 75 48 79 58 0 76
58 31 45 27 37 31 71 1 21 47 5
53 37 22 9 67 48 41 23 55 52 39
5 18 16 51 16 3 37 50 47 47 28
70 39 63 88 49 3 59 81 39 43 36
45 77 34 47 4 17 65 67 40 82 46
37 51 79 62 39 41 86 10 48 8 35
28 81 17 87 10 5 76 87 80 9 17
79 0 75 86 67 80 20 59 46 47 22
52 89 20 48 15 32 7 7 73 11 45
71 78 11 28 36 42 2 17 54 49 52
65 63 14 76 34 72 39 81 44 14 58
79 78 66 78 79 79 58 35 70 83 47
72 64 81 21 58 67 59 80 20 15 13
4 56 19 89 61 40 87 58 37 88 48
7 19 46 53 88 75 70 57 89 89 81
48 51 19 33 1 9 59 20 52 50 44
78 3 74 45 55 49 51 9 69 72 34
73 40 57 71 83 26 56 84 83 10 38
43 74 79 23 24 84 40 46 30 7 10
68 76 19 12 77 41 6 50 83 59 22
44 2 46 13 80 7 77 53 63 21 21
45 16 83 73 7 35 59 0 84 2 35
70 21 84 42 44 74 57 81 32 32 22
82 7 2 13 18 81 55 25 37 42 77
74 73 63 86 73 4 24 84 31 27 60
89 35 43 24 0 82 85 49 5 76 55
20 81 36 51 20 59 70 77 38 73 1
29 53 7 45 73 49 47 51 73 0 8
88 41 56 45 87 59 35 12 59 18 23
81 60 14 52 14 38 33 63 55 87 69
80 54 42 34 29 40 60 77 55 1 14
67 32 11 42 29 49 76 45 77 63 26
62 47 76 0 70 54 43 46 71 66 28
28 37 31 46 37 18 85 61 70 4 76
12 11 78 27 4 74 42 47 39 49 83
70 81 76 16 42 0 42 56 18 75 33
43 62 1 11 10 80 10 83 33 18 27
50 67 34 80 74 82 60 43 24 14 32
14 33 37 73 78 31 78 33 75 82 66
30 76 88 88 85 24 56 25 18 86 89
6 86 86 63 28 17 23 13 85 2 87
89 19 80 0 66 52 26 9 45 12 51
9 57 88 66 14 35 82 82 86 0 19
57 22 59 80 53 68 20 62 53 34 9
70 83 37 57 85 57 67 25 59 31 18
33 11 27 31 56 86 68 41 12 6 83
54 47 75 46 21 52 76 3 11 60 0
82 33 74 49 64 3 18 66 55 26 63
24 13 28 51 45 58 36 42 21 24 85
41 34 55 35 65 56 2 80 70 5 64
31 27 13 17 19 13 68 33 79 42 56
87 20 3 77 40 25 41 61 42 81 54
2 74 86 62 80 83 69 45 40 80 3
41 19 44 38 1 28 66 33 70 17 87
13 55 20 53 74 44 35 45 67 0 3
84 47 3 64 39 18 8 9 23 17 26
11 1 72 66 2 58 73 88 71 85 72
6 3 17 27 32 54 4 0 52 48 87
28 24 28 80 56 25 19 12 40 69 78
84 38 64 37 28 41 59 37 79 27 62
55 80 28 75 54 10 3 47 41 38 4
11 86 19 4 85 79 56 42 4 10 36
30 67 7 46 57 74 35 69 18 32 48
67 27 1 21 61 79 80 71 53 87 25
39 50 52 79 12 28 5 5 80 60 6
26 42 80 28 59 61 60 73 69 62 25
38 18 48 72 10 16 58 15 7 49 25
11 17 36 34 89 1 7 88 36 71 6
44 49 3 38 40 30 56 78 62 56 45
12 49 26 43 88 54 25 74 1 44 61
33 5 66 12 42 78 25 58 57 35 30
74 64 20 75 26 35 77 77 78 5 7
25 49 81 61 39 85 59 79 65 3 11
28 26 88 21 72 11 89 4 23 16 49
50 7 87 58 50 47 60 27 37 87 32
35 13 60 79 66 21 81 38 38 79 19
86 52 65 75 33 39 10 2 39 71 48
54 15 26 54 85 64 71 75 30 82 62
57 33 78 18 64 75 84 54 12 53 26
52 74 68 20 27 79 11 86 6 56 6
14 59 48 86 55 31 21 8 21 88 54
27 72 7 64 60 82 0 6 31 87 20
19 57 11 5 24 15 70 86 85 52 50
20 38 41 24 19 34 46 25 83 8 14
28 73 12 31 86 60 4 65 62 57 56
64 34 78 40 58 56 0 52 56 43 53
84 3 81 0 33 18 70 89 69 73 32
72 47 89 6 87 7 18 36 53 67 62
18 74 53 75 71 0 81 89 75 27 65
